Inception Score: 78.32938385009766
FID: 42.795163298862406
sFID: 166.9632588321591
Precision: 0.837
Recall: 0.6263
