Inception Score: 25.903499603271484
FID: 71.75956848874074
sFID: 180.50784102244188
Precision: 0.506
Recall: 0.5774