Inception Score: 52.54356002807617
FID: 57.1762611422547
sFID: 176.75506871884158
Precision: 0.663
Recall: 0.5888
