Inception Score: 23.40446662902832
FID: 75.06695573549575
sFID: 179.59584333712382
Precision: 0.462
Recall: 0.543
