Inception Score: 49.667137145996094
FID: 58.40650804401952
sFID: 176.905666792867
Precision: 0.634
Recall: 0.6136
